Hamal: (02 07 10.40570, 23 27 44.7032)
Botein: (03 11 37.76465, 19 43 36.0397)
Mesarthim: (01 53 31.479, 19 17 37.8790)
Zeta Arietis: (03 14 54.09731, 21 02 40.0103)
