Capella: (05 16 41.35871, 45 59 52.7693)
Menkalinan: (05 59 31.72293, 44 56 50.7573)
Mahasim: (05 59 43.27012, 37 12 45.3047)
Hassaleh: (04 56 59.62109, 33 09 57.9585)
Almaaz: (05 01 58.129, 43 49 23.87)
Haedus: (05 06 30.89337, 41 14 04.1127)
Delta Aurigae: (05 59 31.63201, 54 17 04.7703)
