Arcturus: (14 15 39.7, 19 10 56)
Izar: (14 44 59.21746, 27 04 27.2099)
Muphrid: (13 54 41.07892, 18 23 51.7946)
Princeps: (15 15 30.16295, 33 18 53.3926)
Rho Bootis: (14 31 49.78962, 30 22 17.1781)
