Tarf: (08 16 30.9206, 09 11 07.961)
Asellus Australis: (08 44 41.09921, 18 09 15.5034)
Asellus Borealis: (08 43 17.14820, 21 28 06.6008)
Decapoda: (08 46 41.81988, 28 45 35.6190)
Tegmine: (08 12 12.7, 17 38 52)
