Gamma Canis Minoris: (07 28 09.79333, 08 55 31.9068)
Procyon: (07 38 18.11950, 05 13 29.9552)
Gomeisa: (07 27 09.04174, 08 17 21.5368)
