Sirius: (06 45 08.91728, -16 42 54.0171)
Wezen: (07 08 23.48608, -26 23 35.5474)
Mirzam: (06 22 41.98735, -17 57 21.3073)
Unurgunite: (07 01 43.14779, -27 56 05.3898)
Furud: (06 20 18.79204, -30 03 48.1202)
Tau Canis Majoris: (07 18 42.48642, -24 57 15.7413)
