Schedar: (00 40 30.4405, 56 32 14.392)
Caph: (00 09 10.68518, 59 09 59.2120)
Navi: (00 56 42.50108, 60 43 00.2984)
Ruchbah: (01 25 48.95147, 60 14 07.0225)
Segin: (01 54 23.72567, 63 40 12.3628)
