Zeta Cygni: (21 12 56.18594, 30 13 36.8957)
Deneb: (20 41 25.9, 45 16 49)
Sadr: (20 22 13.70184, 40 15 24.0450)
Aljanah: (20 46 12.68236, 33 58 12.9250)
Fawaris: (19 44 58.47854, 45 07 50.9161)
Albireo: (19 30 43.286, 27 57 38.84)
