Eltanin: (17 56 36.36988, 51 29 20.0242)
Eta Draconis: (16 23 59.48594, 61 30 51.1699)
Rastaban: (17 30 25.96170, 52 18 04.9993)
Altais: (19 12 33.30197, 67 39 41.5456)
Aldhibah: (17 08 47.19596, 65 42 52.8634)
Edasich: (15 24 55.77463, 58 57 57.8344)
Chi Draconis: (18 21 03.38255, 72 43 58.2518)
Thuban: (14 04 23.3498, 64 22 33.062)
Grumium: (17 53 31.72962, 56 52 21.5143)
Giausar: (11 31 24.22075, 69 19 51.8696)
Kappa Draconis: (12 33 28.94325, 69 47 17.6490)
