Pollux: (07 45 18.94987, 28 01 34.3160)
Castor: (07 34 35.863, 31 53 17.79)
Alhena: (06 37 42.71050, 06 23 57.4095)
Wasat: (07 20 07.37978, 21 58 56.3377)
Mebsuta: (06 43 55.92626, 25 07 52.0515)
Mekbuda: (07 04 06.53079, 20 34 13.0739)
Propus: (06 14 52.657, 22 30 24.48)
Tejat: (06 22 57.62686, 22 30 48.8979)
