Denebola: (11 49 03.57834, 14 34 19.4090)
Chertan: (11 14 14.40446, 15 25 46.4541)
Eta Leonis: (10 07 19.95186, 16 45 45.592)
Regulus: (10 08 22.311, 11 58 01.95)
Algieba: (10 19 58.35056, 19 50 29.3468)
Zosma: (11 14 06.50142, 20 31 25.3853)
Algenubi: (09 45 51.07330, 23 46 27.3208)
Adhafera: (10 16 41.41597, 23 25 02.3221)
