Vega: (18 36 56.33635, 38 47 01.2802)
Sulafat: (18 58 56.62241, 32 41 22.4003)
Sheliak: (18 50 04.79525, 33 21 45.6100)
Delta2 Lyrae: (18 54 30.2838, 36 53 55.007)
