Betelgeuse: (05 55 10.30536, 07 24 25.4304)
Rigel: (05 14 32.27210, -08 12 05.8981)
Bellatrix: (05 25 07.86325, 06 20 58.9318)
Mintaka: (05 32 00.40009, -00 17 56.7424)
Alnilam: (05 36 12.8, -01 12 06.9)
Alnitak: (05 40 45.52666, -01 56 34.2649)
Saiph: (05 47 45.38884, -09 40 10.5777)
Meissa: (05 35 08.27761, 09 56 02.9611)
Hatysa: (05 35 25.98191, -05 54 35.6435)
