Enif: (21 44 11.15614, 09 52 30.0311)
Scheat: (23 03 46.45746, 28 04 58.0336)
Markab: (23 04 45.65345, 15 12 18.9617)
Algenib: (00 13 14.15123, 15 11 00.9368)
Matar: (22 43 00.13743, 30 13 16.4822)
Homam: (22 41 27.72072, 10 49 52.9079)
Sadalbari: (22 50 00.19315, 24 36 05.6984)
Binham: (22 10 11.98528, 06 11 52.3078)
