Dubhe: (11 03 43.67152, 61 45 03.7249)
Merak: (11 01 50.47654, 56 22 56.7339)
Phecda: (11 53 49.84732, 53 41 41.1350)
Megrez: (12 15 25.56063, 57 01 57.4156)
Alioth: (12 54 01.74959, 55 57 35.3627)
Mizar: (13 23 55.54048, 54 55 31.2671)
Alkaid: (13 47 32.43776, 49 18 47.7602)
